{
    "Cam001": {
        "K": [
            [
                1823.531925021001,
                0.0,
                514.2349998929348
            ],
            [
                0.0,
                1822.3121712250002,
                380.13848648382987
            ],
            [
                0.0,
                0.0,
                1.0
            ]
        ],
        "RT": [
            [
                0.9999688792003214,
                -0.0010032337153326797,
                0.007825225425814483,
                0.01006033304277894
            ],
            [
                -0.0010902752531905043,
                -0.9999375000167086,
                0.011126875581537497,
                0.300810432665055
            ],
            [
                0.00781357349262641,
                -0.011135060953903882,
                -0.9999074749629726,
                2.3064672873624947
            ],
            [
                0.0,
                0.0,
                0.0,
                1.0
            ]
        ],
        "H": 747,
        "W": 1022
    },
    "Cam002": {
        "K": [
            [
                1824.821609855735,
                0.0,
                518.247093899364
            ],
            [
                0.0,
                1823.600993394293,
                368.85213451340576
            ],
            [
                0.0,
                0.0,
                1.0
            ]
        ],
        "RT": [
            [
                0.9999518074658429,
                -0.005924935282848801,
                0.00782801939750826,
                0.0064459360084722925
            ],
            [
                -0.0060164785506913645,
                -0.9999131831121191,
                0.01172297847982686,
                0.803124004512748
            ],
            [
                0.007757881904410694,
                -0.011769510630585553,
                -0.9999006420079315,
                2.306763636878086
            ],
            [
                0.0,
                0.0,
                0.0,
                1.0
            ]
        ],
        "H": 747,
        "W": 1022
    },
    "Cam003": {
        "K": [
            [
                1824.5709163396652,
                0.0,
                519.1671339459488
            ],
            [
                0.0,
                1823.350467566194,
                371.7870642792298
            ],
            [
                0.0,
                0.0,
                1.0
            ]
        ],
        "RT": [
            [
                0.9999467812225487,
                -0.008564459566866472,
                0.005751934891061584,
                0.01084956275792057
            ],
            [
                -0.008488358483532533,
                -0.9998778058773004,
                -0.013127112563316173,
                1.2988225544565342
            ],
            [
                0.005863658663201973,
                0.013077589469104823,
                -0.9998972918058926,
                2.305457049884504
            ],
            [
                0.0,
                0.0,
                0.0,
                1.0
            ]
        ],
        "H": 747,
        "W": 1022
    },
    "Cam004": {
        "K": [
            [
                1823.6575066401783,
                0.0,
                515.4712159094096
            ],
            [
                0.0,
                1822.4376688430943,
                373.3572688358672
            ],
            [
                0.0,
                0.0,
                1.0
            ]
        ],
        "RT": [
            [
                0.9999770521136558,
                -0.0055794211642872845,
                0.00384256497071471,
                0.01217316079887643
            ],
            [
                -0.005406729233726579,
                -0.9990355811634016,
                -0.043573786253862073,
                1.796918411996401
            ],
            [
                0.004081975633909028,
                0.04355201061920788,
                -0.9990428218279478,
                2.2997926762954353
            ],
            [
                0.0,
                0.0,
                0.0,
                1.0
            ]
        ],
        "H": 747,
        "W": 1022
    },
    "Cam005": {
        "K": [
            [
                1158.6834326610688,
                0.0,
                378.2450060750369
            ],
            [
                0.0,
                1159.4589905142557,
                513.1336618748279
            ],
            [
                0.0,
                0.0,
                1.0
            ]
        ],
        "RT": [
            [
                0.9915128294057558,
                -0.04779301713327287,
                -0.12090548638127102,
                0.2897672496136249
            ],
            [
                0.013753189389795039,
                -0.8862019291926226,
                0.4630950123645066,
                -0.07212134289508952
            ],
            [
                -0.1292793831413248,
                -0.4608274820456922,
                -0.8780232758224729,
                1.917271218995492
            ],
            [
                0.0,
                0.0,
                0.0,
                1.0
            ]
        ],
        "H": 1022,
        "W": 747
    },
    "Cam006": {
        "K": [
            [
                1165.4540579773225,
                0.0,
                375.4566667897181
            ],
            [
                0.0,
                1166.234147708231,
                510.29290491725885
            ],
            [
                0.0,
                0.0,
                1.0
            ]
        ],
        "RT": [
            [
                0.9903150686911293,
                0.04895440214670696,
                0.12992125012384484,
                -0.296526667622769
            ],
            [
                -0.021293523275360198,
                -0.8711485761540796,
                0.49055758492886625,
                -0.07829838647067476
            ],
            [
                0.1371956653462705,
                -0.4885730495792606,
                -0.8616691503326643,
                1.914012520429723
            ],
            [
                0.0,
                0.0,
                0.0,
                1.0
            ]
        ],
        "H": 1022,
        "W": 747
    },
    "Cam007": {
        "K": [
            [
                1149.6235169526417,
                0.0,
                369.12046426761475
            ],
            [
                0.0,
                1150.3930106052203,
                518.7069575776453
            ],
            [
                0.0,
                0.0,
                1.0
            ]
        ],
        "RT": [
            [
                0.9913958766798179,
                0.05430102974240194,
                -0.11910337472619906,
                0.3150497232048982
            ],
            [
                -0.02121403652384412,
                -0.8312153842034089,
                -0.5555456324353059,
                2.429892813288006
            ],
            [
                -0.1291672572930912,
                0.5532923126453988,
                -0.8229115605038528,
                1.973958739740145
            ],
            [
                0.0,
                0.0,
                0.0,
                1.0
            ]
        ],
        "H": 1022,
        "W": 747
    },
    "Cam008": {
        "K": [
            [
                1158.7254666339416,
                0.0,
                369.35728047940074
            ],
            [
                0.0,
                1159.5010526223177,
                501.84668944155413
            ],
            [
                0.0,
                0.0,
                1.0
            ]
        ],
        "RT": [
            [
                0.9913328818903572,
                -0.0765895971509741,
                0.10673870381080393,
                -0.27209135277127333
            ],
            [
                -0.00622927817957479,
                -0.8389696998008914,
                -0.5441424803388937,
                2.44009126520718
            ],
            [
                0.13122619165517418,
                0.5387614281147577,
                -0.8321753482286206,
                1.977339081785055
            ],
            [
                0.0,
                0.0,
                0.0,
                1.0
            ]
        ],
        "H": 1022,
        "W": 747
    },
    "Cam009": {
        "K": [
            [
                1826.4718524728096,
                0.0,
                513.4752373062672
            ],
            [
                0.0,
                1825.2501321701523,
                378.9277607991735
            ],
            [
                0.0,
                0.0,
                1.0
            ]
        ],
        "RT": [
            [
                0.9640303896797174,
                0.004962282394982669,
                0.26574571215243364,
                -0.6177726905327149
            ],
            [
                0.004194668022645236,
                -0.9999852302448374,
                0.00345601683428893,
                0.30866315661719124
            ],
            [
                0.26575893688482327,
                -0.002216990214578323,
                -0.9640369663141745,
                2.247386980222071
            ],
            [
                0.0,
                0.0,
                0.0,
                1.0
            ]
        ],
        "H": 747,
        "W": 1022
    },
    "Cam010": {
        "K": [
            [
                1825.8486216477852,
                0.0,
                514.7301944473477
            ],
            [
                0.0,
                1824.6273182219338,
                376.5885808536986
            ],
            [
                0.0,
                0.0,
                1.0
            ]
        ],
        "RT": [
            [
                0.9633665882428006,
                -0.018151502702369173,
                0.2675730547104324,
                -0.6196104039447257
            ],
            [
                -0.01741621537503604,
                -0.9998352104843877,
                -0.005121261333895856,
                0.8059290994947672
            ],
            [
                0.26762192006529756,
                0.00027354210934183235,
                -0.9635239660098123,
                2.2465098037530913
            ],
            [
                0.0,
                0.0,
                0.0,
                1.0
            ]
        ],
        "H": 747,
        "W": 1022
    },
    "Cam011": {
        "K": [
            [
                1822.855639459018,
                0.0,
                518.8866668787489
            ],
            [
                0.0,
                1821.6363380279417,
                368.41834921521183
            ],
            [
                0.0,
                0.0,
                1.0
            ]
        ],
        "RT": [
            [
                0.9623823711435464,
                0.003246460449537867,
                0.271679281887072,
                -0.6218666399061082
            ],
            [
                0.008075809417221122,
                -0.9998286021014227,
                -0.016659763568909153,
                1.304039534048839
            ],
            [
                0.2715786313655444,
                0.01822709286926515,
                -0.9622436386233755,
                2.246501794987322
            ],
            [
                0.0,
                0.0,
                0.0,
                1.0
            ]
        ],
        "H": 747,
        "W": 1022
    },
    "Cam012": {
        "K": [
            [
                1825.8726889677762,
                0.0,
                518.0790862840001
            ],
            [
                0.0,
                1824.6513694433827,
                371.7875000700474
            ],
            [
                0.0,
                0.0,
                1.0
            ]
        ],
        "RT": [
            [
                0.9611383818135995,
                -0.024618813889115916,
                0.27496713441324006,
                -0.6224451773236873
            ],
            [
                -0.01565625073214974,
                -0.9992736485232312,
                -0.03474272844902178,
                1.803177501197933
            ],
            [
                0.27562273639478263,
                0.029087615401807692,
                -0.9608256958535659,
                2.243784132048356
            ],
            [
                0.0,
                0.0,
                0.0,
                1.0
            ]
        ],
        "H": 747,
        "W": 1022
    },
    "Cam013": {
        "K": [
            [
                1824.446090511522,
                0.0,
                512.0076947218422
            ],
            [
                0.0,
                1823.2257252335876,
                376.5178038619283
            ],
            [
                0.0,
                0.0,
                1.0
            ]
        ],
        "RT": [
            [
                0.8671480367427012,
                -0.0006227113501775933,
                0.49805009246445514,
                -1.16039113473388
            ],
            [
                -0.008572503317562796,
                -0.9998697402894184,
                0.013675329628221315,
                0.3082092112677326
            ],
            [
                0.49797670082057893,
                -0.016128071308885415,
                -0.8670404204855194,
                2.012221763034121
            ],
            [
                0.0,
                0.0,
                0.0,
                1.0
            ]
        ],
        "H": 747,
        "W": 1022
    },
    "Cam014": {
        "K": [
            [
                1820.3663331528849,
                0.0,
                513.5151802034771
            ],
            [
                0.0,
                1819.1486968096387,
                365.1595594924264
            ],
            [
                0.0,
                0.0,
                1.0
            ]
        ],
        "RT": [
            [
                0.8799084473901538,
                -0.006663318245105396,
                0.47509654219054576,
                -1.165361670873434
            ],
            [
                -0.0002776364672173871,
                -0.9999087011957343,
                -0.013509707289628766,
                0.8056642958874389
            ],
            [
                0.4751431859234021,
                0.011755401440351714,
                -0.8798299627811815,
                2.011947929112786
            ],
            [
                0.0,
                0.0,
                0.0,
                1.0
            ]
        ],
        "H": 747,
        "W": 1022
    },
    "Cam015": {
        "K": [
            [
                1825.1464067399154,
                0.0,
                512.3428875189154
            ],
            [
                0.0,
                1823.9255730230327,
                374.77926058452476
            ],
            [
                0.0,
                0.0,
                1.0
            ]
        ],
        "RT": [
            [
                0.8663536979219038,
                0.00047597766867733175,
                0.49943071946197104,
                -1.167956056161914
            ],
            [
                0.0014828028065778237,
                -0.9999975898154156,
                -0.0016191538521209393,
                1.303840296444343
            ],
            [
                0.49942874506067425,
                0.0021433171997988633,
                -0.8663523156305992,
                2.015831357837223
            ],
            [
                0.0,
                0.0,
                0.0,
                1.0
            ]
        ],
        "H": 747,
        "W": 1022
    },
    "Cam016": {
        "K": [
            [
                1822.9658845536421,
                0.0,
                520.728649045366
            ],
            [
                0.0,
                1821.7465093800279,
                376.4067908186938
            ],
            [
                0.0,
                0.0,
                1.0
            ]
        ],
        "RT": [
            [
                0.8615622265232769,
                -0.030412422314916497,
                0.5067401843126245,
                -1.170200991666444
            ],
            [
                -0.015155732988859,
                -0.9992998837205535,
                -0.03420593740359294,
                1.800148786417519
            ],
            [
                0.5074256926741332,
                0.02179052466158804,
                -0.861419955334881,
                2.01499010907484
            ],
            [
                0.0,
                0.0,
                0.0,
                1.0
            ]
        ],
        "H": 747,
        "W": 1022
    },
    "Cam017": {
        "K": [
            [
                1817.5905440037395,
                0.0,
                512.7714941334458
            ],
            [
                0.0,
                1816.3747643756437,
                376.3582146625779
            ],
            [
                0.0,
                0.0,
                1.0
            ]
        ],
        "RT": [
            [
                0.7049877041699033,
                0.002429788100475183,
                0.709215364398598,
                -1.631053563829074
            ],
            [
                -0.002085047161610724,
                -0.9999827089387445,
                0.005498581804861314,
                0.3099320241880357
            ],
            [
                0.7092164617009274,
                -0.005355180045309592,
                -0.7049704479615437,
                1.62267274125542
            ],
            [
                0.0,
                0.0,
                0.0,
                1.0
            ]
        ],
        "H": 747,
        "W": 1022
    },
    "Cam018": {
        "K": [
            [
                1822.8346849777872,
                0.0,
                508.3415875251548
            ],
            [
                0.0,
                1821.6153975630864,
                377.2993018248206
            ],
            [
                0.0,
                0.0,
                1.0
            ]
        ],
        "RT": [
            [
                0.7089494698588192,
                -0.012677364328758205,
                0.7051453280144278,
                -1.6276246088950521
            ],
            [
                -0.010644888256763223,
                -0.999916880103684,
                -0.007274560998163518,
                0.8080336173225127
            ],
            [
                0.705178938667981,
                -0.0023488970583885656,
                -0.7090254911790612,
                1.625265576388297
            ],
            [
                0.0,
                0.0,
                0.0,
                1.0
            ]
        ],
        "H": 747,
        "W": 1022
    },
    "Cam019": {
        "K": [
            [
                1827.5379408684717,
                0.0,
                513.097750887995
            ],
            [
                0.0,
                1826.3155074632084,
                372.00014492280707
            ],
            [
                0.0,
                0.0,
                1.0
            ]
        ],
        "RT": [
            [
                0.7013679908909702,
                -0.015582626366243638,
                0.7126290220788752,
                -1.632428797838957
            ],
            [
                -0.004051439769313104,
                -0.9998320156084253,
                -0.017875301401358786,
                1.30234195882787
            ],
            [
                0.7127878556691042,
                0.009649990669624499,
                -0.7013133040879209,
                1.6179721096404271
            ],
            [
                0.0,
                0.0,
                0.0,
                1.0
            ]
        ],
        "H": 747,
        "W": 1022
    },
    "Cam020": {
        "K": [
            [
                1821.662296549747,
                0.0,
                516.0472244821307
            ],
            [
                0.0,
                1820.4437933413524,
                378.69005608767105
            ],
            [
                0.0,
                0.0,
                1.0
            ]
        ],
        "RT": [
            [
                0.701051662878884,
                -0.04723385922040199,
                0.7115444669997082,
                -1.6297417690483451
            ],
            [
                -0.016818493747933847,
                -0.9986215710410257,
                -0.04972017819360803,
                1.801078624643105
            ],
            [
                0.7129121293980081,
                0.022889307431651816,
                -0.7008797153310237,
                1.6213374952249548
            ],
            [
                0.0,
                0.0,
                0.0,
                1.0
            ]
        ],
        "H": 747,
        "W": 1022
    },
    "Cam021": {
        "K": [
            [
                1164.488405529641,
                0.0,
                373.1870091151495
            ],
            [
                0.0,
                1165.2678489068362,
                522.5212912376844
            ],
            [
                0.0,
                0.0,
                1.0
            ]
        ],
        "RT": [
            [
                0.8140051218447539,
                0.3017810600335272,
                0.49631023907990085,
                -1.163479865379401
            ],
            [
                0.02673003454895473,
                -0.8730002007234148,
                0.486986811720697,
                -0.045992351681667855
            ],
            [
                0.580242334601259,
                -0.38314336917388836,
                -0.718693252921274,
                1.5630366441881671
            ],
            [
                0.0,
                0.0,
                0.0,
                1.0
            ]
        ],
        "H": 1022,
        "W": 747
    },
    "Cam022": {
        "K": [
            [
                1157.787286515894,
                0.0,
                374.6584129021044
            ],
            [
                0.0,
                1158.562244538997,
                505.18519807261976
            ],
            [
                0.0,
                0.0,
                1.0
            ]
        ],
        "RT": [
            [
                0.5956653990278167,
                0.38258783812989766,
                0.706264312078788,
                -1.576147137878893
            ],
            [
                -0.014437196116824536,
                -0.8740357539201149,
                0.48564706139086344,
                -0.05651485510445184
            ],
            [
                0.8031029197863228,
                -0.29947962699387076,
                -0.5151093604724104,
                1.149996010505343
            ],
            [
                0.0,
                0.0,
                0.0,
                1.0
            ]
        ],
        "H": 1022,
        "W": 747
    },
    "Cam023": {
        "K": [
            [
                1166.6407112690906,
                0.0,
                382.7495263132778
            ],
            [
                0.0,
                1167.4215952793108,
                515.326859640471
            ],
            [
                0.0,
                0.0,
                1.0
            ]
        ],
        "RT": [
            [
                0.7516577070211288,
                -0.48736523795405795,
                0.44439376268093955,
                -0.7636319039269654
            ],
            [
                0.020013878309328104,
                -0.656615409998597,
                -0.7539599777358168,
                2.590298404063842
            ],
            [
                0.6592496766406171,
                0.5756138707383263,
                -0.48379596490967464,
                0.9328360843147696
            ],
            [
                0.0,
                0.0,
                0.0,
                1.0
            ]
        ],
        "H": 1022,
        "W": 747
    },
    "Cam024": {
        "K": [
            [
                1159.3597284756165,
                0.0,
                374.2425192796199
            ],
            [
                0.0,
                1160.135739003378,
                515.6614850966083
            ],
            [
                0.0,
                0.0,
                1.0
            ]
        ],
        "RT": [
            [
                0.6293932950463068,
                -0.5865398737907828,
                0.5097401853927593,
                -0.9420276047140483
            ],
            [
                0.030614520598192196,
                -0.6367378626723705,
                -0.7704723521113289,
                2.584412808492574
            ],
            [
                0.7764836323318701,
                0.5005355838428608,
                -0.3828019044202773,
                0.7442728099662805
            ],
            [
                0.0,
                0.0,
                0.0,
                1.0
            ]
        ],
        "H": 1022,
        "W": 747
    },
    "Cam025": {
        "K": [
            [
                1828.783961585781,
                0.0,
                511.9276671648179
            ],
            [
                0.0,
                1827.5606947218441,
                378.53150796895926
            ],
            [
                0.0,
                0.0,
                1.0
            ]
        ],
        "RT": [
            [
                0.4964829629947785,
                -0.0017942024451541973,
                0.8680446119258566,
                -2.012784720198467
            ],
            [
                -0.016087442833068746,
                -0.9998451333018277,
                0.007134675587796182,
                0.3079475620017009
            ],
            [
                0.8678973796705564,
                -0.017506862946746124,
                -0.496434938446868,
                1.150395903669633
            ],
            [
                0.0,
                0.0,
                0.0,
                1.0
            ]
        ],
        "H": 747,
        "W": 1022
    },
    "Cam026": {
        "K": [
            [
                1823.585086687181,
                0.0,
                520.6097222739938
            ],
            [
                0.0,
                1822.3652973315377,
                375.5393755990846
            ],
            [
                0.0,
                0.0,
                1.0
            ]
        ],
        "RT": [
            [
                0.48891230279256026,
                -0.006687839371806358,
                0.872307304212577,
                -2.011199727892338
            ],
            [
                -0.00942332721184876,
                -0.9999527555246815,
                -0.002384873760869577,
                0.8034261983707562
            ],
            [
                0.8722820421643075,
                -0.00705404303458451,
                -0.4889522260860788,
                1.149112740019002
            ],
            [
                0.0,
                0.0,
                0.0,
                1.0
            ]
        ],
        "H": 747,
        "W": 1022
    },
    "Cam027": {
        "K": [
            [
                1823.550828016832,
                0.0,
                508.93040531002555
            ],
            [
                0.0,
                1822.331061576687,
                375.72616763474895
            ],
            [
                0.0,
                0.0,
                1.0
            ]
        ],
        "RT": [
            [
                0.49256678139354854,
                -0.018031996967757837,
                0.8700878191038847,
                -2.00250120036538
            ],
            [
                -0.012479776444848965,
                -0.9998288718416436,
                -0.01365584899419945,
                1.3004338774608268
            ],
            [
                0.8701851648054489,
                -0.004132083883533518,
                -0.492707524638393,
                1.146978926487511
            ],
            [
                0.0,
                0.0,
                0.0,
                1.0
            ]
        ],
        "H": 747,
        "W": 1022
    },
    "Cam028": {
        "K": [
            [
                1825.777692044782,
                0.0,
                512.797847795337
            ],
            [
                0.0,
                1824.5564360634814,
                377.45364491750036
            ],
            [
                0.0,
                0.0,
                1.0
            ]
        ],
        "RT": [
            [
                0.49258727148864634,
                -0.049987815200494314,
                0.8688262186990287,
                -1.9939256977000201
            ],
            [
                -0.024134166367730185,
                -0.9987496492562228,
                -0.04377990548535898,
                1.7975603332700232
            ],
            [
                0.8699283430151622,
                0.0005970276823355179,
                -0.4931777788757733,
                1.1489383914781899
            ],
            [
                0.0,
                0.0,
                0.0,
                1.0
            ]
        ],
        "H": 747,
        "W": 1022
    },
    "Cam029": {
        "K": [
            [
                1830.2598411233125,
                0.0,
                514.5505546639878
            ],
            [
                0.0,
                1829.0355870489827,
                374.53317997806596
            ],
            [
                0.0,
                0.0,
                1.0
            ]
        ],
        "RT": [
            [
                0.28576271900868816,
                0.014603441269204431,
                0.958189129518728,
                -2.244738167403651
            ],
            [
                0.004072046941587704,
                -0.999893358455359,
                0.014024626574986248,
                0.31034941493903484
            ],
            [
                0.9582917545604085,
                -0.0001059243088302568,
                -0.28579171072928927,
                0.6030306741777005
            ],
            [
                0.0,
                0.0,
                0.0,
                1.0
            ]
        ],
        "H": 747,
        "W": 1022
    },
    "Cam030": {
        "K": [
            [
                1823.2278026292167,
                0.0,
                510.9934669269719
            ],
            [
                0.0,
                1822.0082522595653,
                381.82567068722807
            ],
            [
                0.0,
                0.0,
                1.0
            ]
        ],
        "RT": [
            [
                0.25987594458948166,
                -0.0008328228228714962,
                0.9656416518718889,
                -2.241352020901384
            ],
            [
                -0.006968747266355867,
                -0.9999752048756388,
                0.0010130130609292982,
                0.8082642883695753
            ],
            [
                0.9656168650066455,
                -0.006992570347852074,
                -0.25987530466488723,
                0.6071181172991068
            ],
            [
                0.0,
                0.0,
                0.0,
                1.0
            ]
        ],
        "H": 747,
        "W": 1022
    },
    "Cam031": {
        "K": [
            [
                1820.1146004321874,
                0.0,
                511.43826374438333
            ],
            [
                0.0,
                1818.8971324720321,
                373.11595948661926
            ],
            [
                0.0,
                0.0,
                1.0
            ]
        ],
        "RT": [
            [
                0.2584551930189605,
                -0.013498141856532206,
                0.9659289380528739,
                -2.2387046562830553
            ],
            [
                0.0037905751873949147,
                -0.9998805059391419,
                -0.014986840315230676,
                1.304694478504294
            ],
            [
                0.966015809778122,
                0.007534852971787229,
                -0.2583731434367997,
                0.6024372719356249
            ],
            [
                0.0,
                0.0,
                0.0,
                1.0
            ]
        ],
        "H": 747,
        "W": 1022
    },
    "Cam032": {
        "K": [
            [
                1830.7265281628347,
                0.0,
                510.4597848244698
            ],
            [
                0.0,
                1829.5019619232608,
                368.71251714644177
            ],
            [
                0.0,
                0.0,
                1.0
            ]
        ],
        "RT": [
            [
                0.25817983099310016,
                -0.033887113245923035,
                0.9655023761877709,
                -2.228813652143346
            ],
            [
                -0.0005342611549111337,
                -0.9993894921524512,
                -0.034933616192483585,
                1.8040504018907693
            ],
            [
                0.9660967288182857,
                0.00850332470998172,
                -0.25804031474845934,
                0.6014642318771872
            ],
            [
                0.0,
                0.0,
                0.0,
                1.0
            ]
        ],
        "H": 747,
        "W": 1022
    },
    "Cam033": {
        "K": [
            [
                1824.2809064227383,
                0.0,
                516.3444298098191
            ],
            [
                0.0,
                1823.0606516358334,
                369.00682120008867
            ],
            [
                0.0,
                0.0,
                1.0
            ]
        ],
        "RT": [
            [
                -0.004788615306779524,
                0.013025481802202588,
                0.9999036983566287,
                -2.302038207196582
            ],
            [
                0.004730252151578064,
                -0.9999036808036341,
                0.013048135112975404,
                0.3086161890814829
            ],
            [
                0.9999773466824267,
                0.004792279120049229,
                0.004726540257881236,
                -0.006609917791600992
            ],
            [
                0.0,
                0.0,
                0.0,
                1.0
            ]
        ],
        "H": 747,
        "W": 1022
    },
    "Cam034": {
        "K": [
            [
                1823.27480227037,
                0.0,
                521.8302350426912
            ],
            [
                0.0,
                1822.055220462831,
                377.5072362170796
            ],
            [
                0.0,
                0.0,
                1.0
            ]
        ],
        "RT": [
            [
                -0.01065444277503511,
                -0.009603026946934094,
                0.9998971270698851,
                -2.297140703353111
            ],
            [
                -0.008815413073776066,
                -0.9999141234600103,
                -0.009697123157812237,
                0.8047349104775298
            ],
            [
                0.9999043810992589,
                -0.008917823650170374,
                0.010568873159058212,
                -0.004862984035568516
            ],
            [
                0.0,
                0.0,
                0.0,
                1.0
            ]
        ],
        "H": 747,
        "W": 1022
    },
    "Cam035": {
        "K": [
            [
                1819.6206299277853,
                0.0,
                510.72221132008985
            ],
            [
                0.0,
                1818.4034923826835,
                377.3157816410133
            ],
            [
                0.0,
                0.0,
                1.0
            ]
        ],
        "RT": [
            [
                -0.002062009217979267,
                -0.015019430436183288,
                0.9998850758098939,
                -2.294330726225612
            ],
            [
                -0.010673964365224702,
                -0.9998299087405089,
                -0.015040614105651825,
                1.3021183146060922
            ],
            [
                0.9999409055552807,
                -0.010703751553444732,
                0.001901341622972518,
                -0.007664030752839821
            ],
            [
                0.0,
                0.0,
                0.0,
                1.0
            ]
        ],
        "H": 747,
        "W": 1022
    },
    "Cam036": {
        "K": [
            [
                1826.8956408584227,
                0.0,
                515.8405991743285
            ],
            [
                0.0,
                1825.673637085273,
                372.59560304407853
            ],
            [
                0.0,
                0.0,
                1.0
            ]
        ],
        "RT": [
            [
                -0.010491920783209825,
                -0.04016437713403348,
                0.9991379996815827,
                -2.287411686395891
            ],
            [
                -0.0024571627114936025,
                -0.9991889446877193,
                -0.040192227672166236,
                1.799478785588357
            ],
            [
                0.9999419392893211,
                -0.002876738305290994,
                0.010384720845298505,
                -0.012375740101296911
            ],
            [
                0.0,
                0.0,
                0.0,
                1.0
            ]
        ],
        "H": 747,
        "W": 1022
    },
    "Cam037": {
        "K": [
            [
                1163.7682281631107,
                0.0,
                375.460216034356
            ],
            [
                0.0,
                1164.5471894938755,
                513.5351928764868
            ],
            [
                0.0,
                0.0,
                1.0
            ]
        ],
        "RT": [
            [
                0.16518175403575713,
                0.5139964584544763,
                0.8417378623003282,
                -1.9141127337095178
            ],
            [
                -4.960399895609369e-05,
                -0.853457413109567,
                0.5211625864811951,
                -0.06758410353703724
            ],
            [
                0.9862631422055239,
                -0.08612830373681862,
                -0.1409500962124694,
                0.2909098400791923
            ],
            [
                0.0,
                0.0,
                0.0,
                1.0
            ]
        ],
        "H": 1022,
